0.38260792752726214
0.5615893644982043
0.0
0.3377443549450802
0.18640457502720476
0.49181325748312016
0.34669531538973586
0.4362309565110172
0.29445889096319205
0.43252258927635284
0.31857358045034895
0.0
0.27815892152054966
0.0
0.3049330943611948
0.3832563948468191
0.24081522291895596
0.0
0.4816310457572973
0.5591827674301474
0.5456136194989476
0.2250132160092768
0.20569846112554488
0.23550907211142894
0.32384237302286617
0.4452008043538369
0.33821520921258935
0.28003484148096575
0.39697306013816164
0.2674806646524792
0.33072373494878965
0.3559183848287977
0.323990198740127
0.5117230709067663
0.1904466819854931
0.21323777289983276
0.5434264019760351
0.27706650107884945
0.4298178166240369
0.24569306668473956
0.16858917480035493
0.28401369897893924
0.09793316557551462
0.2785886242727037
0.35710697811556524
0.2865774599423057
0.2609442942333542
0.2652688189185127
0.21906445016535167
0.32110472211211755
0.5409220554256731
0.39516855335579965
0.12177108777570027
0.22810693673904345
0.5517430189624581
0.48909335228821027
0.06585987469265392
0.2184098702914069
0.5162431337512466
0.344577661087978
0.5111725844939208
0.3225536905085225
0.3103297990861212
0.236011396011396
0.0
0.5566329568416856
0.0
0.26975481868809364
0.27551773799530876
0.34506393890059245
0.3672179317954449
0.5615944317104853
0.35600971446132923
0.33197302732918355
0.5555113841306998
0.3935199065497577
0.2541932584630805
0.558057407884603
0.0
0.310731681876811
0.5727692749441168
0.0
0.16902506310920132
0.2658729201141872
0.31959838203975605
0.366514999238815
0.28207826272608044
0.12812253958941927
0.43639014960407513
0.23346186406692268
0.3289078686102541
0.2778960865820575
0.02955781508630882
0.3550830307833167
0.5589217476620219
0.23655508566430097
0.0
0.0
0.5226285728192127
0.3913297148211665
0.23807898332921837
0.4704501933050547
0.3060677629212564
0.440560071182996
0.0
0.3743472588597982
0.30094607112432026
0.5381347441543717
0.2964339405791578
0.20410820064944224
0.38034842081287884
0.0
0.23222477064220184
0.24971084894749018
0.4731346267744576
0.0
0.35494553618249264
0.4126163513642439
0.1058290040881768
0.47794817976584286
0.2638634502152847
0.5852529516580404
0.0
0.34622452735650716
0.0
0.28087610930138096
0.23400791342430857
0.18870054875538544
0.4055096111490365
0.13493784359897232
0.16780112644947962
0.5648505651962094
0.4128677681194543
0.28146200221018175
0.15154166646338038
0.27201505926924646
0.0
0.452628786656895
0.5933876774509234
0.0
0.2397352911347069
0.3096507057034973
0.3449796351984763
0.12838654866518642
0.2766332580857965
0.4427286687348198
0.0
0.08343503144326571
0.502808475079216
0.1957903086232966
0.29414196655065483
0.2987064352457326
0.3438096986786001
0.47844675586582774
0.23553044569993722
0.5684470668088624
0.315536007616371
0.511847090803028
0.305123635493266
0.333338462369115
0.0
0.3276347458320063
0.3376564472636602
0.23707508779097275
0.4418799158960277
0.3667946094695514
0.15007905948111142
0.5316996475981137
0.4419759690014839
0.34406310725007383
0.0
0.6019921132902033
0.38335532207570644
0.3464526889653986
0.230255312235331
0.0
0.06474678562057203
0.5816179931766889
0.45717397056766695
0.39151145892431927
0.19251101321585903
0.17080107441933956
0.23418815956753294
0.3028728684749889
0.5046785420604357
0.3951817768796849
0.18795149638802888
0.0
0.344692347477024
0.4957012474095617
0.6005560704355886
0.4302775244415516
0.30843045353831217
0.28693785222664586
0.6277838724808089
0.0
0.314702635050374
0.2604318460253485
0.2755739416459656
0.0
0.32624608666711635
0.3226340882626484
0.0
0.4591276121105016
0.5468732512301866
0.23362274590512316
0.17299288923903766
0.362419865508999
0.46999464316601497
0.31798345568569275
0.31797400035077705
0.0
0.4264705882352941
0.48555698741186876
0.0
0.39111720170149744
0.1879841299829964
0.34494874282572724
0.1900814251411861
0.3555530242339005
0.17017491712665256
0.39217830892192973
0.0
0.49455923758581755
0.23353838934841295
0.1832279307789883
0.3690583917912502
0.2290826329999902
0.3969804169484665
0.4339480931319369
0.27061848768326946
0.3337367717012665
0.0
0.3768953131820384
0.3578741462283629
0.3703574454435209
0.0
0.27996285200230364
0.347598157451232
0.31346572653896576
0.20183226062883297
0.4629104262496361
0.12458988219854389
0.27087849552261944
0.26059095551798434
0.13384762020521862
0.487136742258117
0.27623906173917795
0.06535595051740618
0.28465892004359905
0.27881975464054337
0.30782893760797886
0.3056319061874086
0.4703259029620859
0.2566123681465374
0.3395398891761935
0.3250962158471749
0.31516228780028643
0.21737123366884178
0.164600395722193
0.0
0.191044845135448
0.2850680899766404
0.33610136325408724
0.48447279915567165
0.2518520388062295
0.4129294776167468
0.28382770309795385
0.17978826753265684
0.25178626477914834
0.2348135551620764
0.36910283225634977
0.3680784548788338
0.05029387809012261
0.3117180832530022
0.6546525879037374
0.3642663486005559
0.37622825581693703
0.23862453102822198
0.42298808845371433
0.55519602854908
0.5379736734167375
0.47482051069388703
0.0
0.3184665784813401
0.04637639276884051
0.17092527457849513
0.3291102476140174
0.42224844273093104
0.44684168171683736
0.11175500881461006
0.0
0.4404094419087662
0.5068012182885341
0.5808835946929828
0.3278693504063741
0.514839214736884
0.263820263907458
0.24654853684178824
0.3380327210590216
0.6051590253225161
0.36204683314519887
0.38234025344600897
0.1337728007825717
0.2655331032065933
0.32602952276850794
0.3475457236199098
0.46207082181376324
0.2802239840767453
0.41203624994521626
0.22367849799716572
0.08721311475409836
0.38395924429166556
0.36696980929035483
0.43477437640541694
0.03939393939393939
0.2145463990064699
0.24425232350163098
0.40868416185302725
0.1226093905656453
0.2531016756453106
0.3943495374820114
0.2262688868498744
0.0
0.29669863328285306
0.5830714400801638
0.14380362571414734
0.4774480220956529
0.7065239959643352
0.0
