(552,84) (838,1026):1|(1030,58) (1346,1015):2|
(518,76) (850,1038):1|(1007,61) (1362,1020):2|
(490,67) (865,1024):1|(1005,58) (1331,1015):2|
(512,64) (849,1026):1|(1004,55) (1328,1018):2|
(505,72) (847,1028):1|(987,51) (1345,1020):2|
(496,70) (822,1017):1|(998,46) (1347,1012):2|
(491,84) (801,1009):1|(988,34) (1359,1003):2|
(494,84) (846,1016):1|(997,33) (1340,1005):2|
(500,86) (802,1019):1|(984,36) (1354,996):2|
(513,87) (792,1004):1|(981,30) (1339,1000):2|
(505,80) (806,1014):1|(986,30) (1338,1015):2|
(500,80) (828,1013):1|(1006,31) (1329,994):2|
(507,74) (818,1002):1|(1004,30) (1335,980):2|
(525,58) (829,996):1|(1011,35) (1354,984):2|
(521,60) (794,992):1|(1007,41) (1344,992):2|
(501,56) (825,1026):1|(1027,40) (1349,990):2|
(517,59) (829,1007):1|(990,41) (1366,988):2|
(517,58) (811,1000):1|(1052,51) (1357,1001):2|
(533,59) (817,986):1|(1056,41) (1328,994):2|
(521,68) (839,988):1|(1057,38) (1350,981):2|
(511,56) (827,975):1|(1048,28) (1367,993):2|
(536,84) (814,1001):1|(1049,28) (1345,984):2|
(511,66) (836,970):1|(1070,29) (1340,974):2|
(505,86) (833,1004):1|(1052,26) (1357,994):2|
(503,72) (822,1011):1|(1048,30) (1374,981):2|
(514,82) (806,993):1|(1035,36) (1357,987):2|
(485,65) (798,988):1|(1023,42) (1372,972):2|
(502,86) (824,990):1|(1022,50) (1371,975):2|
(524,91) (807,988):1|(1065,65) (1346,986):2|
(510,78) (816,992):1|(1054,56) (1392,998):2|
(501,82) (781,987):1|(1041,46) (1381,992):2|
(507,69) (809,1021):1|(1091,53) (1359,986):2|
(512,76) (792,984):1|(1024,62) (1379,990):2|
(510,96) (783,999):1|(1051,55) (1383,983):2|
(518,109) (807,1010):1|(1060,56) (1398,987):2|
(518,112) (798,1004):1|(1033,53) (1388,985):2|
(521,120) (799,1026):1|(1071,50) (1386,1014):2|
(525,109) (822,1020):1|(1074,49) (1388,1000):2|
(530,111) (791,1005):1|(1072,64) (1400,982):2|
(539,116) (815,1001):1|(1103,80) (1377,995):2|
(550,118) (810,998):1|(1114,66) (1400,989):2|
(520,121) (807,1000):1|(1087,86) (1416,989):2|
(536,130) (826,995):1|(1113,97) (1381,993):2|
(546,113) (798,1011):1|(1079,84) (1403,997):2|
(523,115) (801,1026):1|(1110,86) (1385,991):2|
(552,108) (771,1026):1|(1107,86) (1403,1007):2|
(537,125) (789,1023):1|(1150,74) (1359,982):2|
(504,123) (766,993):1|(1090,87) (1387,978):2|
(503,133) (780,997):1|(1092,73) (1387,979):2|
(517,142) (801,1017):1|(1096,73) (1373,997):2|
(499,136) (776,1004):1|(1100,84) (1364,992):2|
(501,132) (755,992):1|(1115,75) (1385,1000):2|
(509,125) (759,991):1|(1081,80) (1365,992):2|
(511,128) (772,987):1|(1093,91) (1358,977):2|
(506,134) (788,989):1|(1078,97) (1373,980):2|
(474,117) (799,982):1|(1078,94) (1362,993):2|
(509,126) (819,988):1|(1050,84) (1379,978):2|
(509,124) (819,1007):1|(1039,91) (1387,1007):2|
(497,121) (792,1002):1|(1053,90) (1395,980):2|
(511,119) (791,1011):1|(1050,87) (1394,977):2|
(511,115) (802,993):1|(1035,76) (1387,988):2|
(519,127) (806,982):1|(1036,89) (1407,961):2|
(522,129) (840,1037):1|(1080,75) (1330,978):2|
(557,124) (803,986):1|(1080,86) (1346,974):2|
(552,125) (828,999):1|(1046,82) (1351,998):2|
(584,124) (821,984):1|(1069,89) (1335,976):2|
(564,134) (822,980):1|(1078,96) (1345,987):2|
(572,138) (822,974):1|(1067,109) (1356,983):2|
(569,124) (843,989):1|(1046,104) (1346,992):2|
(590,121) (838,984):1|(1070,98) (1344,989):2|
(595,124) (847,986):1|(1080,109) (1330,976):2|
(584,124) (849,986):1|(1075,103) (1348,979):2|
(618,129) (840,988):1|(1081,98) (1345,980):2|
(603,131) (849,985):1|(1117,98) (1351,988):2|
(611,136) (842,990):1|(1127,107) (1336,980):2|
(620,109) (855,982):1|(1110,95) (1350,981):2|
(614,140) (850,999):1|(1113,115) (1372,982):2|
(596,136) (863,990):1|(1079,110) (1379,982):2|
(617,153) (887,986):1|(1108,99) (1388,966):2|
(613,117) (874,986):1|(1122,93) (1371,991):2|
(625,135) (862,989):1|(1116,82) (1374,990):2|
(596,135) (902,985):1|(1121,80) (1379,980):2|
(585,140) (877,983):1|(1122,92) (1361,970):2|
(587,131) (882,985):1|(1116,96) (1405,989):2|
(579,144) (871,993):1|(1102,84) (1399,989):2|
(566,140) (891,992):1|(1117,90) (1385,983):2|
(574,152) (895,971):1|(1113,100) (1395,988):2|
